EQUIPE 22
INSTANCE 15
1 16
13 25
9 6
5 21
13 41
15 7
21 21
0 48
6 15
12 34
10 40
23 2
1 0
11 14
8 5
18 3
18 33
0 35
22 48
0 20
13 44
2 4
16 18
19 14
12 8
5 7
15 33
0 27
2 36
21 12
24 25
1 44
22 1
10 26
20 27
17 9
14 13
19 23
8 49
8 44
23 45
6 22
1 49
19 48
14 39
16 4
17 40
14 17
3 39
7 31
14 49
23 38
7 14
2 31
12 46
20 46
17 0
0 10
22 36
20 3
11 32
23 29
11 29
22 17
7 27
21 23
23 22
11 9
22 40
3 25
7 2
22 19
5 45
3 11
2 44
17 31
14 25
9 42
16 8
14 35
24 31
5 36
3 8
10 12
9 18
17 49
3 18
9 38
7 47
1 35
3 29
16 32
16 39
4 18
24 18
1 33
24 8
1 12
10 15
12 20
14 28
21 39
19 11
21 30
24 41
10 48
18 18
2 28
6 28
18 27
21 49
2 24
5 1
1 5
9 30
9 47
10 21
20 43
11 22
23 24
18 4
16 26
23 9
16 46
4 14
23 15
24 37
6 6
18 36
11 35
13 22
13 12
20 22
20 14
1 1
11 18
10 8
11 43
16 30
15 41
18 29
5 9
19 46
15 19
4 30
24 34
