EQUIPE 22
INSTANCE 16
6 3
12 38
15 15
8 18
12 9
23 10
0 22
5 16
17 45
8 33
0 35
21 27
5 4
6 43
14 37
17 24
16 13
18 22
22 40
4 15
0 26
18 14
23 1
18 35
16 0
11 41
7 8
21 47
1 24
7 47
12 22
1 32
0 42
22 5
11 17
6 28
0 6
21 9
14 31
24 20
23 41
23 32
12 27
14 7
24 29
5 38
20 39
3 23
14 12
16 6
17 20
23 24
16 29
5 34
2 9
21 21
10 13
6 25
2 30
13 47
10 0
13 6
24 2
9 23
2 17
21 17
2 45
15 36
22 45
24 41
23 21
2 38
14 23
2 13
18 24
22 13
13 34
11 37
13 19
0 47
11 32
5 48
24 34
19 8
7 36
20 36
10 49
11 28
9 35
19 42
24 37
1 49
19 18
16 33
20 28
4 37
15 42
4 45
3 46
5 0
17 41
5 2
24 5
14 29
8 43
4 19
2 31
5 22
12 25
15 45
23 16
24 12
8 29
10 45
0 0
9 5
2 2
20 7
20 31
18 46
1 12
24 49
12 30
3 7
16 17
8 25
4 11
8 6
11 46
22 7
24 14
